200 <- 3 6 (26.2069, 85.0877)
3 <- 200 6 (28.2759, 78.8618)
200 <- 3 16 (39.7701, 88.4393)
3 <- 200 16 (39.7701, 88.4393)
200 <- 3 (58.1609, 91.3043)
3 <- 200 (61.3793, 86.5169)
6 <- 14 (57.0115, 86.2903)
14 <- 6 (62.5287, 78.6765)
6 <- 14 16 (34.023, 79.7297)
200 <- 8 16 (38.6207, 87.5)
8 <- 200 16 (39.7701, 84.9711)
200 <- 8 (55.6322, 90.0826)
8 <- 200 (61.3793, 81.6479)
3 <- 8 16 (38.6207, 88.6905)
8 <- 3 16 (39.7701, 86.1272)
200 <- 8 3 16 (34.2529, 92.6174)
3 <- 8 200 16 (33.7931, 93.8776)
8 <- 3 200 16 (35.1724, 90.1961)
200 <- 8 3 (49.4253, 94.4186)
3 <- 8 200 (50.1149, 93.1193)
8 <- 3 200 (53.1034, 87.8788)
3 <- 8 (55.6322, 88.843)
8 <- 3 (58.1609, 84.9802)
200 <- 7 16 (39.5402, 79.6512)
7 <- 200 16 (39.7701, 79.1908)
200 <- 7 (54.9425, 83.682)
3 <- 7 16 (39.5402, 81.3953)
7 <- 3 16 (39.7701, 80.9249)
200 <- 7 3 16 (32.1839, 89.2857)
3 <- 7 200 16 (31.4943, 91.2409)
7 <- 3 200 16 (35.1724, 81.6993)
200 <- 7 3 (46.2069, 91.5423)
3 <- 7 200 (45.977, 92)
7 <- 3 200 (53.1034, 79.6537)
3 <- 7 (54.9425, 84.1004)
7 <- 3 (58.1609, 79.4466)
8 <- 7 16 (39.5402, 85.4651)
7 <- 8 16 (38.6207, 87.5)
200 <- 7 8 16 (33.7931, 87.0748)
8 <- 7 200 16 (31.4943, 93.4307)
7 <- 8 200 16 (33.7931, 87.0748)
200 <- 7 8 (48.2759, 90)
8 <- 7 200 (45.977, 94.5)
7 <- 8 200 (50.1149, 86.6972)
3 <- 7 8 16 (33.7931, 87.7551)
8 <- 7 3 16 (32.1839, 92.1429)
7 <- 8 3 16 (34.2529, 86.5772)
200 <- 7 8 3 16 (29.6552, 92.2481)
3 <- 7 8 200 16 (29.4253, 92.9688)
8 <- 7 3 200 16 (28.7356, 95.2)
7 <- 8 3 200 16 (31.7241, 86.2319)
200 <- 7 8 3 (42.9885, 94.1176)
3 <- 7 8 200 (43.4483, 93.1217)
8 <- 7 3 200 (42.2989, 95.6522)
7 <- 8 3 200 (46.6667, 86.6995)
3 <- 7 8 (48.2759, 89.0476)
8 <- 7 3 (46.2069, 93.0348)
7 <- 8 3 (49.4253, 86.9767)
8 <- 7 (54.9425, 87.8661)
7 <- 8 (55.6322, 86.7769)
16 <- 10 3 (29.6552, 77.5194)
200 <- 10 3 (29.6552, 86.8217)
3 <- 10 200 (28.5057, 90.3226)
6 <- 10 14 (31.4943, 84.6715)
14 <- 10 6 (33.5632, 79.4521)
16 <- 10 8 (28.7356, 79.2)
200 <- 10 8 (28.7356, 86.4)
8 <- 10 200 (28.5057, 87.0968)
200 <- 10 8 3 (25.2874, 90.9091)
3 <- 10 8 200 (24.8276, 92.5926)
8 <- 10 3 200 (25.7471, 89.2857)
3 <- 10 8 (28.7356, 88)
8 <- 10 3 (29.6552, 85.2713)
16 <- 10 7 (28.5057, 80.6452)
200 <- 10 7 (28.5057, 79.8387)
7 <- 10 200 (28.5057, 79.8387)
200 <- 10 7 3 (23.4483, 88.2353)
3 <- 10 7 200 (22.7586, 90.9091)
7 <- 10 3 200 (25.7471, 80.3571)
3 <- 10 7 (28.5057, 82.2581)
7 <- 10 3 (29.6552, 79.0698)
200 <- 10 7 8 (25.0575, 85.3211)
8 <- 10 7 200 (22.7586, 93.9394)
7 <- 10 8 200 (24.8276, 86.1111)
3 <- 10 7 8 (25.0575, 86.2385)
8 <- 10 7 3 (23.4483, 92.1569)
7 <- 10 8 3 (25.2874, 85.4545)
8 <- 10 7 (28.5057, 87.9032)
7 <- 10 8 (28.7356, 87.2)
6 <- 5 (48.7356, 92.9245)
6 <- 5 16 (27.1264, 89.8305)
6 <- 5 14 (44.5977, 92.7835)
14 <- 5 6 (45.2874, 91.3706)
5 <- 14 6 (49.1954, 84.1121)
6 <- 5 14 16 (25.0575, 89.9083)
14 <- 5 16 6 (24.3678, 92.4528)
5 <- 14 16 6 (27.1264, 83.0508)
14 <- 5 16 (27.1264, 92.3729)
14 <- 5 (48.7356, 91.5094)
5 <- 14 (57.0115, 78.2258)
6 <- 5 10 (24.5977, 93.4579)
6 <- 5 10 14 (22.9885, 94)
14 <- 5 10 6 (22.9885, 94)
5 <- 10 14 6 (26.6667, 81.0345)
14 <- 5 10 (24.5977, 93.4579)
6 <- 13 (48.046, 88.9952)
6 <- 13 16 (27.5862, 84.1667)
6 <- 13 14 (40.6897, 93.7853)
14 <- 13 6 (42.7586, 89.2473)
13 <- 14 6 (49.1954, 77.5701)
6 <- 13 14 16 (22.069, 90.625)
14 <- 13 16 6 (23.2184, 86.1386)
14 <- 13 16 (27.5862, 80)
14 <- 13 (48.046, 84.689)
6 <- 13 10 (25.2874, 87.2727)
6 <- 13 10 14 (21.6092, 93.617)
14 <- 13 10 6 (22.069, 91.6667)
13 <- 10 14 6 (26.6667, 75.8621)
14 <- 13 10 (25.2874, 85.4545)
6 <- 13 5 (39.0805, 94.1176)
5 <- 13 6 (42.7586, 86.0215)
13 <- 5 6 (45.2874, 81.2183)
5 <- 13 16 (27.5862, 76.6667)
13 <- 5 16 (27.1264, 77.9661)
6 <- 13 5 14 (37.2414, 94.4444)
14 <- 13 5 6 (36.7816, 95.625)
5 <- 13 14 6 (38.1609, 92.1687)
13 <- 5 14 6 (41.3793, 85)
14 <- 13 5 16 (21.1494, 94.5652)
5 <- 13 14 16 (22.069, 90.625)
13 <- 5 14 16 (25.0575, 79.8165)
14 <- 13 5 (39.0805, 95.2941)
5 <- 13 14 (40.6897, 91.5254)
13 <- 5 14 (44.5977, 83.5052)
5 <- 13 (48.046, 81.3397)
13 <- 5 (48.7356, 80.1887)
200 <- 9 16 (34.023, 87.8378)
9 <- 200 16 (39.7701, 75.1445)
200 <- 9 (47.5862, 90.8213)
3 <- 9 16 (34.023, 87.1622)
200 <- 9 3 16 (29.6552, 93.0233)
3 <- 9 200 16 (29.8851, 92.3077)
9 <- 3 200 16 (35.1724, 78.4314)
200 <- 9 3 (41.3793, 95)
3 <- 9 200 (43.2184, 90.9574)
3 <- 9 (47.5862, 86.9565)
8 <- 9 16 (34.023, 92.5676)
9 <- 8 16 (38.6207, 81.5476)
200 <- 9 8 16 (31.4943, 91.2409)
8 <- 9 200 16 (29.8851, 96.1538)
9 <- 8 200 16 (33.7931, 85.034)
200 <- 9 8 (44.1379, 93.2292)
8 <- 9 200 (43.2184, 95.2128)
9 <- 8 200 (50.1149, 82.1101)
3 <- 9 8 16 (31.4943, 89.0511)
8 <- 9 3 16 (29.6552, 94.5736)
9 <- 8 3 16 (34.2529, 81.8792)
200 <- 9 8 3 16 (28.046, 95.082)
3 <- 9 8 200 16 (28.7356, 92.8)
8 <- 9 3 200 16 (27.5862, 96.6667)
9 <- 8 3 200 16 (31.7241, 84.058)
200 <- 9 8 3 (39.3103, 96.4912)
3 <- 9 8 200 (41.1494, 92.1788)
8 <- 9 3 200 (39.3103, 96.4912)
9 <- 8 3 200 (46.6667, 81.2808)
3 <- 9 8 (44.1379, 89.0625)
8 <- 9 3 (41.3793, 95)
9 <- 8 3 (49.4253, 79.5349)
8 <- 9 (47.5862, 92.7536)
9 <- 8 (55.6322, 79.3388)
7 <- 9 16 (34.023, 89.1892)
9 <- 7 16 (39.5402, 76.7442)
200 <- 9 7 16 (30.3448, 88.6364)
7 <- 9 200 16 (29.8851, 90)
9 <- 7 200 16 (31.4943, 85.4015)
200 <- 9 7 (41.8391, 91.7582)
7 <- 9 200 (43.2184, 88.8298)
9 <- 7 200 (45.977, 83.5)
3 <- 9 7 16 (30.3448, 86.3636)
7 <- 9 3 16 (29.6552, 88.3721)
9 <- 7 3 16 (32.1839, 81.4286)
200 <- 9 7 3 16 (26.2069, 93.8596)
3 <- 9 7 200 16 (26.8966, 91.453)
7 <- 9 3 200 16 (27.5862, 89.1667)
9 <- 7 3 200 16 (28.7356, 85.6)
200 <- 9 7 3 (37.0115, 95.6522)
3 <- 9 7 200 (38.3908, 92.2156)
7 <- 9 3 200 (39.3103, 90.0585)
9 <- 7 3 200 (42.2989, 83.6957)
3 <- 9 7 (41.8391, 88.4615)
7 <- 9 3 (41.3793, 89.4444)
9 <- 7 3 (46.2069, 80.0995)
8 <- 9 7 16 (30.3448, 93.9394)
7 <- 9 8 16 (31.4943, 90.5109)
9 <- 7 8 16 (33.7931, 84.3537)
200 <- 9 7 8 16 (28.5057, 91.129)
8 <- 9 7 200 16 (26.8966, 96.5812)
7 <- 9 8 200 16 (28.7356, 90.4)
9 <- 7 8 200 16 (29.4253, 88.2812)
200 <- 9 7 8 (39.7701, 93.6416)
8 <- 9 7 200 (38.3908, 97.006)
7 <- 9 8 200 (41.1494, 90.5028)
9 <- 7 8 200 (43.4483, 85.7143)
3 <- 9 7 8 16 (28.5057, 87.9032)
8 <- 9 7 3 16 (26.2069, 95.614)
7 <- 9 8 3 16 (28.046, 89.3443)
9 <- 7 8 3 16 (29.6552, 84.4961)
200 <- 9 7 8 3 16 (25.0575, 95.4128)
3 <- 9 7 8 200 16 (25.977, 92.0354)
8 <- 9 7 3 200 16 (24.5977, 97.1963)
7 <- 9 8 3 200 16 (26.6667, 89.6552)
9 <- 7 8 3 200 16 (27.3563, 87.395)
200 <- 9 7 8 3 (35.6322, 96.7742)
3 <- 9 7 8 200 (37.2414, 92.5926)
8 <- 9 7 3 200 (35.4023, 97.4026)
7 <- 9 8 3 200 (37.931, 90.9091)
9 <- 7 8 3 200 (40.4598, 85.2273)
3 <- 9 7 8 (39.7701, 89.5954)
8 <- 9 7 3 (37.0115, 96.2733)
7 <- 9 8 3 (39.3103, 90.6433)
9 <- 7 8 3 (42.9885, 82.8877)
8 <- 9 7 (41.8391, 95.0549)
7 <- 9 8 (44.1379, 90.1042)
9 <- 7 8 (48.2759, 82.381)
7 <- 9 (47.5862, 87.9227)
9 <- 7 (54.9425, 76.1506)
16 <- 9 10 (24.3678, 83.9623)
200 <- 9 10 (24.3678, 85.8491)
3 <- 9 10 (24.3678, 85.8491)
8 <- 9 10 (24.3678, 90.566)
9 <- 10 8 (28.7356, 76.8)
8 <- 9 10 7 (21.6092, 92.5532)
7 <- 9 10 8 (22.069, 90.625)
9 <- 10 7 8 (25.0575, 79.8165)
7 <- 9 10 (24.3678, 88.6792)
9 <- 10 7 (28.5057, 75.8065)
200 <- 2 3 (25.2874, 92.7273)
3 <- 2 200 (27.5862, 85)
6 <- 2 14 (25.2874, 91.8182)
200 <- 2 8 (22.069, 94.7917)
8 <- 2 200 (27.5862, 75.8333)
3 <- 2 8 (22.069, 92.7083)
8 <- 2 3 (25.2874, 80.9091)
6 <- 2 5 (25.2874, 96.3636)
5 <- 2 6 (31.4943, 77.3723)
6 <- 2 5 14 (21.8391, 96.8421)
14 <- 2 5 6 (24.3678, 86.7925)
5 <- 2 14 6 (23.2184, 91.0891)
14 <- 2 5 (25.2874, 86.3636)
5 <- 2 14 (25.2874, 86.3636)
6 <- 2 13 (26.6667, 92.2414)
13 <- 2 6 (31.4943, 78.1022)
6 <- 2 13 14 (21.6092, 96.8085)
14 <- 2 13 6 (24.5977, 85.0467)
13 <- 2 14 6 (23.2184, 90.099)
14 <- 2 13 (26.6667, 81.0345)
13 <- 2 14 (25.2874, 85.4545)
6 <- 2 13 5 (21.8391, 95.7895)
5 <- 2 13 6 (24.5977, 85.0467)
13 <- 2 5 6 (24.3678, 85.8491)
14 <- 2 13 5 (21.8391, 91.5789)
5 <- 2 13 14 (21.6092, 92.5532)
13 <- 2 5 14 (21.8391, 91.5789)
5 <- 2 13 (26.6667, 81.8966)
13 <- 2 5 (25.2874, 86.3636)
200 <- 1 16 (27.5862, 81.6667)
200 <- 1 (42.9885, 83.4225)
3 <- 1 16 (27.5862, 82.5)
200 <- 1 3 16 (22.7586, 91.9192)
3 <- 1 200 16 (22.5287, 92.8571)
200 <- 1 3 (34.7126, 94.0397)
3 <- 1 200 (35.8621, 91.0256)
3 <- 1 (42.9885, 80.7487)
8 <- 1 16 (27.5862, 79.1667)
200 <- 1 8 (33.5632, 92.4658)
8 <- 1 200 (35.8621, 86.5385)
3 <- 1 8 16 (21.8391, 93.6842)
8 <- 1 3 16 (22.7586, 89.899)
200 <- 1 8 3 (31.4943, 94.8905)
3 <- 1 8 200 (31.0345, 96.2963)
8 <- 1 3 200 (32.6437, 91.5493)
3 <- 1 8 (33.5632, 93.8356)
8 <- 1 3 (34.7126, 90.7285)
8 <- 1 (42.9885, 78.0749)
7 <- 1 16 (27.5862, 76.6667)
200 <- 1 7 (32.1839, 89.2857)
7 <- 1 200 (35.8621, 80.1282)
200 <- 1 7 3 (29.4253, 93.75)
3 <- 1 7 200 (28.7356, 96)
7 <- 1 3 200 (32.6437, 84.507)
3 <- 1 7 (32.1839, 91.4286)
7 <- 1 3 (34.7126, 84.7682)
200 <- 1 7 8 (29.6552, 93.0233)
8 <- 1 7 200 (28.7356, 96)
7 <- 1 8 200 (31.0345, 88.8889)
200 <- 1 7 8 3 (28.046, 95.082)
3 <- 1 7 8 200 (27.5862, 96.6667)
8 <- 1 7 3 200 (27.5862, 96.6667)
7 <- 1 8 3 200 (29.8851, 89.2308)
3 <- 1 7 8 (29.6552, 94.5736)
8 <- 1 7 3 (29.4253, 95.3125)
7 <- 1 8 3 (31.4943, 89.0511)
8 <- 1 7 (32.1839, 92.1429)
7 <- 1 8 (33.5632, 88.3562)
200 <- 1 9 (27.8161, 95.8678)
200 <- 1 9 3 (26.2069, 97.3684)
3 <- 1 9 200 (26.6667, 95.6897)
9 <- 1 3 200 (32.6437, 78.169)
3 <- 1 9 (27.8161, 94.2149)
9 <- 1 3 (34.7126, 75.4967)
200 <- 1 9 8 (26.6667, 96.5517)
8 <- 1 9 200 (26.6667, 96.5517)
9 <- 1 8 200 (31.0345, 82.963)
200 <- 1 9 8 3 (25.2874, 98.1818)
3 <- 1 9 8 200 (25.7471, 96.4286)
8 <- 1 9 3 200 (25.5172, 97.2973)
9 <- 1 8 3 200 (29.8851, 83.0769)
3 <- 1 9 8 (26.6667, 94.8276)
8 <- 1 9 3 (26.2069, 96.4912)
9 <- 1 8 3 (31.4943, 80.292)
8 <- 1 9 (27.8161, 95.8678)
9 <- 1 8 (33.5632, 79.4521)
200 <- 1 9 7 (25.2874, 96.3636)
7 <- 1 9 200 (26.6667, 91.3793)
9 <- 1 7 200 (28.7356, 84.8)
200 <- 1 9 7 3 (24.1379, 98.0952)
3 <- 1 9 7 200 (24.3678, 97.1698)
7 <- 1 9 3 200 (25.5172, 92.7928)
9 <- 1 7 3 200 (27.5862, 85.8333)
3 <- 1 9 7 (25.2874, 95.4545)
7 <- 1 9 3 (26.2069, 92.1053)
9 <- 1 7 3 (29.4253, 82.0312)
200 <- 1 9 7 8 (24.5977, 97.1963)
8 <- 1 9 7 200 (24.3678, 98.1132)
7 <- 1 9 8 200 (25.7471, 92.8571)
9 <- 1 7 8 200 (27.5862, 86.6667)
200 <- 1 9 7 8 3 (23.4483, 99.0196)
3 <- 1 9 7 8 200 (23.908, 97.1154)
8 <- 1 9 7 3 200 (23.6782, 98.0583)
7 <- 1 9 8 3 200 (24.8276, 93.5185)
9 <- 1 7 8 3 200 (26.6667, 87.069)
3 <- 1 9 7 8 (24.5977, 95.3271)
8 <- 1 9 7 3 (24.1379, 97.1429)
7 <- 1 9 8 3 (25.2874, 92.7273)
9 <- 1 7 8 3 (28.046, 83.6066)
8 <- 1 9 7 (25.2874, 97.2727)
7 <- 1 9 8 (26.6667, 92.2414)
9 <- 1 7 8 (29.6552, 82.9457)
7 <- 1 9 (27.8161, 90.9091)
9 <- 1 7 (32.1839, 78.5714)
6 <- 4 (40.6897, 90.3955)
6 <- 4 14 (38.6207, 89.881)
14 <- 4 6 (36.7816, 94.375)
14 <- 4 16 (22.5287, 97.9592)
14 <- 4 (40.6897, 94.9153)
14 <- 4 10 (21.6092, 95.7447)
6 <- 4 5 (38.6207, 92.8571)
5 <- 4 6 (36.7816, 97.5)
4 <- 5 6 (45.2874, 79.1878)
5 <- 4 16 (22.5287, 92.8571)
4 <- 5 16 (27.1264, 77.1186)
6 <- 4 5 14 (36.7816, 92.5)
14 <- 4 5 6 (35.8621, 94.8718)
5 <- 4 14 6 (34.7126, 98.0132)
4 <- 5 14 6 (41.3793, 82.2222)
14 <- 4 5 16 (20.9195, 97.8022)
5 <- 4 14 16 (22.069, 92.7083)
4 <- 5 14 16 (25.0575, 81.6514)
14 <- 4 5 (38.6207, 95.2381)
5 <- 4 14 (38.6207, 95.2381)
4 <- 5 14 (44.5977, 82.4742)
5 <- 4 10 (21.6092, 93.617)
4 <- 5 10 (24.5977, 82.243)
5 <- 4 (40.6897, 94.9153)
4 <- 5 (48.7356, 79.2453)
6 <- 4 13 (33.3333, 93.7931)
13 <- 4 6 (36.7816, 85)
6 <- 4 13 14 (31.954, 93.5252)
14 <- 4 13 6 (31.2644, 95.5882)
13 <- 4 14 6 (34.7126, 86.0927)
4 <- 13 14 6 (38.1609, 78.3133)
14 <- 4 13 (33.3333, 95.8621)
13 <- 4 14 (38.6207, 82.7381)
4 <- 13 14 (40.6897, 78.5311)
6 <- 4 13 5 (32.4138, 94.3262)
5 <- 4 13 6 (31.2644, 97.7941)
13 <- 4 5 6 (35.8621, 85.2564)
4 <- 13 5 6 (36.7816, 83.125)
6 <- 4 13 5 14 (31.2644, 94.1176)
14 <- 4 13 5 6 (30.5747, 96.2406)
5 <- 4 13 14 6 (29.8851, 98.4615)
13 <- 4 5 14 6 (34.023, 86.4865)
4 <- 13 5 14 6 (35.1724, 83.6601)
14 <- 4 13 5 (32.4138, 96.4539)
5 <- 4 13 14 (31.954, 97.8417)
13 <- 4 5 14 (36.7816, 85)
4 <- 13 5 14 (37.2414, 83.9506)
5 <- 4 13 (33.3333, 97.2414)
13 <- 4 5 (38.6207, 83.9286)
4 <- 13 5 (39.0805, 82.9412)
13 <- 4 (40.6897, 81.9209)
200 <- 15 16 (27.3563, 90.7563)
200 <- 15 (40, 91.954)
3 <- 15 16 (27.3563, 86.5546)
200 <- 15 3 16 (23.6782, 94.1748)
3 <- 15 200 16 (24.8276, 89.8148)
200 <- 15 3 (34.7126, 95.3642)
3 <- 15 200 (36.7816, 90)
3 <- 15 (40, 86.7816)
8 <- 15 16 (27.3563, 88.2353)
200 <- 15 8 16 (24.1379, 94.2857)
8 <- 15 200 16 (24.8276, 91.6667)
200 <- 15 8 (34.7126, 96.0265)
8 <- 15 200 (36.7816, 90.625)
3 <- 15 8 16 (24.1379, 91.4286)
8 <- 15 3 16 (23.6782, 93.2039)
200 <- 15 8 3 16 (22.069, 94.7917)
3 <- 15 8 200 16 (22.7586, 91.9192)
8 <- 15 3 200 16 (22.2989, 93.8144)
200 <- 15 8 3 (31.7241, 96.3768)
3 <- 15 8 200 (33.3333, 91.7241)
8 <- 15 3 200 (33.1034, 92.3611)
3 <- 15 8 (34.7126, 91.3907)
8 <- 15 3 (34.7126, 91.3907)
8 <- 15 (40, 86.7816)
7 <- 15 16 (27.3563, 84.8739)
200 <- 15 7 16 (23.2184, 91.0891)
7 <- 15 200 16 (24.8276, 85.1852)
200 <- 15 7 (33.3333, 93.1034)
7 <- 15 200 (36.7816, 84.375)
3 <- 15 7 16 (23.2184, 86.1386)
7 <- 15 3 16 (23.6782, 84.466)
200 <- 15 7 3 (29.6552, 96.124)
3 <- 15 7 200 (31.0345, 91.8519)
7 <- 15 3 200 (33.1034, 86.1111)
3 <- 15 7 (33.3333, 88.9655)
7 <- 15 3 (34.7126, 85.4305)
8 <- 15 7 16 (23.2184, 92.0792)
7 <- 15 8 16 (24.1379, 88.5714)
200 <- 15 7 8 16 (21.3793, 94.6237)
8 <- 15 7 200 16 (21.1494, 95.6522)
7 <- 15 8 200 16 (22.7586, 88.8889)
200 <- 15 7 8 (31.0345, 96.2963)
8 <- 15 7 200 (31.0345, 96.2963)
7 <- 15 8 200 (33.3333, 89.6552)
200 <- 15 7 8 3 (28.5057, 96.7742)
3 <- 15 7 8 200 (29.8851, 92.3077)
8 <- 15 7 3 200 (28.5057, 96.7742)
7 <- 15 8 3 200 (30.5747, 90.2256)
3 <- 15 7 8 (31.0345, 91.8519)
8 <- 15 7 3 (29.6552, 96.124)
7 <- 15 8 3 (31.7241, 89.8551)
8 <- 15 7 (33.3333, 93.1034)
7 <- 15 8 (34.7126, 89.404)
7 <- 15 (40, 83.3333)
9 <- 15 16 (27.3563, 77.3109)
200 <- 15 9 16 (21.1494, 96.7391)
9 <- 15 200 16 (24.8276, 82.4074)
200 <- 15 9 (29.8851, 97.6923)
9 <- 15 200 (36.7816, 79.375)
200 <- 15 9 3 (27.1264, 97.4576)
3 <- 15 9 200 (29.1954, 90.5512)
9 <- 15 3 200 (33.1034, 79.8611)
3 <- 15 9 (29.8851, 90.7692)
9 <- 15 3 (34.7126, 78.1457)
8 <- 15 9 16 (21.1494, 96.7391)
9 <- 15 8 16 (24.1379, 84.7619)
200 <- 15 9 8 (28.9655, 97.619)
8 <- 15 9 200 (29.1954, 96.8504)
9 <- 15 8 200 (33.3333, 84.8276)
200 <- 15 9 8 3 (26.4368, 97.3913)
3 <- 15 9 8 200 (28.2759, 91.0569)
8 <- 15 9 3 200 (26.4368, 97.3913)
9 <- 15 8 3 200 (30.5747, 84.2105)
3 <- 15 9 8 (28.9655, 91.2698)
8 <- 15 9 3 (27.1264, 97.4576)
9 <- 15 8 3 (31.7241, 83.3333)
8 <- 15 9 (29.8851, 96.9231)
9 <- 15 8 (34.7126, 83.4437)
200 <- 15 9 7 (27.1264, 98.3051)
7 <- 15 9 200 (29.1954, 91.3386)
9 <- 15 7 200 (31.0345, 85.9259)
200 <- 15 9 7 3 (24.8276, 98.1481)
3 <- 15 9 7 200 (26.6667, 91.3793)
7 <- 15 9 3 200 (26.4368, 92.1739)
9 <- 15 7 3 200 (28.5057, 85.4839)
3 <- 15 9 7 (27.1264, 91.5254)
7 <- 15 9 3 (27.1264, 91.5254)
9 <- 15 7 3 (29.6552, 83.7209)
200 <- 15 9 7 8 (26.4368, 98.2609)
8 <- 15 9 7 200 (26.6667, 97.4138)
7 <- 15 9 8 200 (28.2759, 91.8699)
9 <- 15 7 8 200 (29.8851, 86.9231)
200 <- 15 9 7 8 3 (24.3678, 98.1132)
3 <- 15 9 7 8 200 (25.977, 92.0354)
8 <- 15 9 7 3 200 (24.3678, 98.1132)
7 <- 15 9 8 3 200 (25.7471, 92.8571)
9 <- 15 7 8 3 200 (27.5862, 86.6667)
3 <- 15 9 7 8 (26.4368, 92.1739)
8 <- 15 9 7 3 (24.8276, 98.1481)
7 <- 15 9 8 3 (26.4368, 92.1739)
9 <- 15 7 8 3 (28.5057, 85.4839)
8 <- 15 9 7 (27.1264, 97.4576)
7 <- 15 9 8 (28.9655, 91.2698)
9 <- 15 7 8 (31.0345, 85.1852)
7 <- 15 9 (29.8851, 90.7692)
9 <- 15 7 (33.3333, 81.3793)
200 <- 15 1 (22.5287, 95.9184)
200 <- 15 1 3 (21.1494, 96.7391)
3 <- 15 1 200 (21.6092, 94.6809)
3 <- 15 1 (22.5287, 93.8776)
200 <- 15 1 8 (20.9195, 96.7033)
8 <- 15 1 200 (21.6092, 93.617)
3 <- 15 1 8 (20.9195, 95.6044)
8 <- 15 1 3 (21.1494, 94.5652)
8 <- 15 1 (22.5287, 92.8571)
6 <- 12 (39.3103, 92.9825)
6 <- 12 16 (22.069, 90.625)
6 <- 12 14 (36.3218, 93.6709)
14 <- 12 6 (36.5517, 93.0818)
14 <- 12 16 (22.069, 91.6667)
14 <- 12 (39.3103, 92.3977)
6 <- 12 5 (34.2529, 94.6309)
5 <- 12 6 (36.5517, 88.6792)
6 <- 12 5 14 (33.1034, 94.4444)
14 <- 12 5 6 (32.4138, 96.4539)
5 <- 12 14 6 (34.023, 91.8919)
12 <- 5 14 6 (41.3793, 75.5556)
14 <- 12 5 (34.2529, 96.6443)
5 <- 12 14 (36.3218, 91.1392)
5 <- 12 (39.3103, 87.1345)
6 <- 12 13 (31.954, 94.964)
13 <- 12 6 (36.5517, 83.0189)
6 <- 12 13 14 (30.5747, 94.7368)
14 <- 12 13 6 (30.3448, 95.4545)
13 <- 12 14 6 (34.023, 85.1351)
12 <- 13 14 6 (38.1609, 75.9036)
14 <- 12 13 (31.954, 95.6835)
13 <- 12 14 (36.3218, 84.1772)
12 <- 13 14 (40.6897, 75.1412)
6 <- 12 13 5 (30.1149, 95.4198)
5 <- 12 13 6 (30.3448, 94.697)
13 <- 12 5 6 (32.4138, 88.6525)
12 <- 13 5 6 (36.7816, 78.125)
6 <- 12 13 5 14 (29.4253, 95.3125)
14 <- 12 13 5 6 (28.7356, 97.6)
5 <- 12 13 14 6 (28.9655, 96.8254)
13 <- 12 5 14 6 (31.2644, 89.7059)
12 <- 13 5 14 6 (35.1724, 79.7386)
14 <- 12 13 5 (30.1149, 97.7099)
5 <- 12 13 14 (30.5747, 96.2406)
13 <- 12 5 14 (33.1034, 88.8889)
12 <- 13 5 14 (37.2414, 79.0123)
5 <- 12 13 (31.954, 94.2446)
13 <- 12 5 (34.2529, 87.9195)
12 <- 13 5 (39.0805, 77.0588)
13 <- 12 (39.3103, 81.2865)
6 <- 12 4 (32.4138, 94.3262)
4 <- 12 6 (36.5517, 83.6478)
12 <- 4 6 (36.7816, 83.125)
6 <- 12 4 14 (31.2644, 94.1176)
14 <- 12 4 6 (30.5747, 96.2406)
4 <- 12 14 6 (34.023, 86.4865)
12 <- 4 14 6 (34.7126, 84.7682)
14 <- 12 4 (32.4138, 96.4539)
4 <- 12 14 (36.3218, 86.0759)
12 <- 4 14 (38.6207, 80.9524)
6 <- 12 4 5 (31.7241, 94.2029)
5 <- 12 4 6 (30.5747, 97.7444)
4 <- 12 5 6 (32.4138, 92.1986)
12 <- 4 5 6 (35.8621, 83.3333)
6 <- 12 4 5 14 (30.5747, 93.985)
14 <- 12 4 5 6 (29.8851, 96.1538)
5 <- 12 4 14 6 (29.4253, 97.6562)
4 <- 12 5 14 6 (31.2644, 91.9118)
12 <- 4 5 14 6 (34.023, 84.4595)
14 <- 12 4 5 (31.7241, 96.3768)
5 <- 12 4 14 (31.2644, 97.7941)
4 <- 12 5 14 (33.1034, 92.3611)
12 <- 4 5 14 (36.7816, 83.125)
5 <- 12 4 (32.4138, 97.8723)
4 <- 12 5 (34.2529, 92.6174)
12 <- 4 5 (38.6207, 82.1429)
6 <- 12 4 13 (28.2759, 95.122)
13 <- 12 4 6 (30.5747, 87.9699)
4 <- 12 13 6 (30.3448, 88.6364)
12 <- 4 13 6 (31.2644, 86.0294)
6 <- 12 4 13 14 (27.5862, 95)
14 <- 12 4 13 6 (26.8966, 97.4359)
13 <- 12 4 14 6 (29.4253, 89.0625)
4 <- 12 13 14 6 (28.9655, 90.4762)
12 <- 4 13 14 6 (29.8851, 87.6923)
14 <- 12 4 13 (28.2759, 97.561)
13 <- 12 4 14 (31.2644, 88.2353)
4 <- 12 13 14 (30.5747, 90.2256)
12 <- 4 13 14 (31.954, 86.3309)
6 <- 12 4 13 5 (27.8161, 95.0413)
5 <- 12 4 13 6 (26.8966, 98.2906)
13 <- 12 4 5 6 (29.8851, 88.4615)
4 <- 12 13 5 6 (28.7356, 92)
12 <- 4 13 5 6 (30.5747, 86.4662)
6 <- 12 4 13 5 14 (27.1264, 94.9153)
14 <- 12 4 13 5 6 (26.4368, 97.3913)
5 <- 12 4 13 14 6 (26.2069, 98.2456)
13 <- 12 4 5 14 6 (28.7356, 89.6)
4 <- 12 13 5 14 6 (28.046, 91.8033)
12 <- 4 13 5 14 6 (29.4253, 87.5)
14 <- 12 4 13 5 (27.8161, 97.5207)
5 <- 12 4 13 14 (27.5862, 98.3333)
13 <- 12 4 5 14 (30.5747, 88.7218)
4 <- 12 13 5 14 (29.4253, 92.1875)
12 <- 4 13 5 14 (31.2644, 86.7647)
5 <- 12 4 13 (28.2759, 98.374)
13 <- 12 4 5 (31.7241, 87.6812)
4 <- 12 13 5 (30.1149, 92.3664)
12 <- 4 13 5 (32.4138, 85.8156)
13 <- 12 4 (32.4138, 87.234)
4 <- 12 13 (31.954, 88.4892)
12 <- 4 13 (33.3333, 84.8276)
4 <- 12 (39.3103, 82.4561)
12 <- 4 (40.6897, 79.661)
6 <- 100 (38.6207, 88.6905)
6 <- 100 14 (36.3218, 88.6076)
14 <- 100 6 (34.2529, 93.9597)
14 <- 100 16 (22.069, 97.9167)
14 <- 100 (38.6207, 94.0476)
14 <- 100 10 (21.1494, 95.6522)
6 <- 100 5 (36.092, 92.3567)
5 <- 100 6 (34.2529, 97.3154)
5 <- 100 16 (22.069, 92.7083)
100 <- 5 16 (27.1264, 75.4237)
6 <- 100 5 14 (34.2529, 91.9463)
14 <- 100 5 6 (33.3333, 94.4828)
5 <- 100 14 6 (32.1839, 97.8571)
100 <- 5 14 6 (41.3793, 76.1111)
14 <- 100 5 16 (20.4598, 97.7528)
5 <- 100 14 16 (21.6092, 92.5532)
100 <- 5 14 16 (25.0575, 79.8165)
14 <- 100 5 (36.092, 94.9045)
5 <- 100 14 (36.3218, 94.3038)
100 <- 5 14 (44.5977, 76.8041)
5 <- 100 (38.6207, 93.4524)
6 <- 100 13 (31.2644, 93.3824)
13 <- 100 6 (34.2529, 85.2349)
6 <- 100 13 14 (29.8851, 93.0769)
14 <- 100 13 6 (29.1954, 95.2756)
13 <- 100 14 6 (32.1839, 86.4286)
14 <- 100 13 (31.2644, 95.5882)
13 <- 100 14 (36.3218, 82.2785)
6 <- 100 13 5 (30.3448, 93.9394)
5 <- 100 13 6 (29.1954, 97.6378)
13 <- 100 5 6 (33.3333, 85.5172)
100 <- 13 5 6 (36.7816, 77.5)
6 <- 100 13 5 14 (29.1954, 93.7008)
14 <- 100 13 5 6 (28.5057, 95.9677)
5 <- 100 13 14 6 (27.8161, 98.3471)
13 <- 100 5 14 6 (31.4943, 86.8613)
100 <- 13 5 14 6 (35.1724, 77.7778)
14 <- 100 13 5 (30.3448, 96.2121)
5 <- 100 13 14 (29.8851, 97.6923)
13 <- 100 5 14 (34.2529, 85.2349)
100 <- 13 5 14 (37.2414, 78.3951)
5 <- 100 13 (31.2644, 97.0588)
13 <- 100 5 (36.092, 84.0764)
100 <- 13 5 (39.0805, 77.6471)
13 <- 100 (38.6207, 80.9524)
6 <- 100 4 (37.4713, 90.184)
4 <- 100 6 (34.2529, 98.6577)
100 <- 4 6 (36.7816, 91.875)
4 <- 100 16 (22.069, 97.9167)
100 <- 4 16 (22.5287, 95.9184)
6 <- 100 4 14 (35.6322, 89.6774)
14 <- 100 4 6 (33.7931, 94.5578)
4 <- 100 14 6 (32.1839, 99.2857)
100 <- 4 14 6 (34.7126, 92.053)
14 <- 100 4 16 (21.6092, 97.8723)
4 <- 100 14 16 (21.6092, 97.8723)
100 <- 4 14 16 (22.069, 95.8333)
14 <- 100 4 (37.4713, 95.092)
4 <- 100 14 (36.3218, 98.1013)
100 <- 4 14 (38.6207, 92.2619)
14 <- 100 4 10 (20.9195, 95.6044)
4 <- 100 10 14 (20.2299, 98.8636)
100 <- 4 10 14 (20.6897, 96.6667)
4 <- 100 10 (21.1494, 98.913)
100 <- 4 10 (21.6092, 96.8085)
6 <- 100 4 5 (35.8621, 92.3077)
5 <- 100 4 6 (33.7931, 97.9592)
4 <- 100 5 6 (33.3333, 99.3103)
100 <- 4 5 6 (35.8621, 92.3077)
5 <- 100 4 16 (21.6092, 93.617)
4 <- 100 5 16 (20.4598, 98.8764)
100 <- 4 5 16 (20.9195, 96.7033)
6 <- 100 4 5 14 (34.023, 91.8919)
14 <- 100 4 5 6 (33.1034, 94.4444)
5 <- 100 4 14 6 (31.954, 97.8417)
4 <- 100 5 14 6 (31.4943, 99.2701)
100 <- 4 5 14 6 (34.023, 91.8919)
14 <- 100 4 5 (35.8621, 94.8718)
5 <- 100 4 14 (35.6322, 95.4839)
4 <- 100 5 14 (34.2529, 99.3289)
100 <- 4 5 14 (36.7816, 92.5)
5 <- 100 4 (37.4713, 95.7055)
4 <- 100 5 (36.092, 99.3631)
100 <- 4 5 (38.6207, 92.8571)
6 <- 100 4 13 (31.0345, 93.3333)
13 <- 100 4 6 (33.7931, 85.7143)
4 <- 100 13 6 (29.1954, 99.2126)
100 <- 4 13 6 (31.2644, 92.6471)
6 <- 100 4 13 14 (29.8851, 93.0769)
14 <- 100 4 13 6 (28.9655, 96.0317)
13 <- 100 4 14 6 (31.954, 87.0504)
4 <- 100 13 14 6 (27.8161, 100)
100 <- 4 13 14 6 (29.8851, 93.0769)
14 <- 100 4 13 (31.0345, 96.2963)
13 <- 100 4 14 (35.6322, 83.871)
4 <- 100 13 14 (29.8851, 100)
100 <- 4 13 14 (31.954, 93.5252)
6 <- 100 4 13 5 (30.3448, 93.9394)
5 <- 100 4 13 6 (28.9655, 98.4127)
13 <- 100 4 5 6 (33.1034, 86.1111)
4 <- 100 13 5 6 (28.5057, 100)
100 <- 4 13 5 6 (30.5747, 93.2331)
6 <- 100 4 13 5 14 (29.1954, 93.7008)
14 <- 100 4 13 5 6 (28.5057, 95.9677)
5 <- 100 4 13 14 6 (27.8161, 98.3471)
13 <- 100 4 5 14 6 (31.2644, 87.5)
4 <- 100 13 5 14 6 (27.3563, 100)
100 <- 4 13 5 14 6 (29.4253, 92.9688)
14 <- 100 4 13 5 (30.3448, 96.2121)
5 <- 100 4 13 14 (29.8851, 97.6923)
13 <- 100 4 5 14 (34.023, 85.8108)
4 <- 100 13 5 14 (29.1954, 100)
100 <- 4 13 5 14 (31.2644, 93.3824)
5 <- 100 4 13 (31.0345, 97.7778)
13 <- 100 4 5 (35.8621, 84.6154)
4 <- 100 13 5 (30.3448, 100)
100 <- 4 13 5 (32.4138, 93.617)
13 <- 100 4 (37.4713, 82.8221)
4 <- 100 13 (31.2644, 99.2647)
100 <- 4 13 (33.3333, 93.1034)
4 <- 100 (38.6207, 97.0238)
100 <- 4 (40.6897, 92.0904)
6 <- 100 12 (31.0345, 94.0741)
12 <- 100 6 (34.2529, 85.2349)
100 <- 12 6 (36.5517, 79.8742)
6 <- 100 12 14 (29.6552, 93.7984)
14 <- 100 12 6 (29.1954, 95.2756)
12 <- 100 14 6 (32.1839, 86.4286)
100 <- 12 14 6 (34.023, 81.7568)
14 <- 100 12 (31.0345, 95.5556)
12 <- 100 14 (36.3218, 81.6456)
100 <- 12 14 (36.3218, 81.6456)
6 <- 100 12 5 (30.1149, 93.8931)
5 <- 100 12 6 (29.1954, 96.8504)
12 <- 100 5 6 (33.3333, 84.8276)
100 <- 12 5 6 (32.4138, 87.234)
6 <- 100 12 5 14 (28.9655, 93.6508)
14 <- 100 12 5 6 (28.2759, 95.935)
5 <- 100 12 14 6 (27.8161, 97.5207)
12 <- 100 5 14 6 (31.4943, 86.1314)
100 <- 12 5 14 6 (31.2644, 86.7647)
14 <- 100 12 5 (30.1149, 96.1832)
5 <- 100 12 14 (29.6552, 97.6744)
12 <- 100 5 14 (34.2529, 84.5638)
100 <- 12 5 14 (33.1034, 87.5)
5 <- 100 12 (31.0345, 97.037)
12 <- 100 5 (36.092, 83.4395)
100 <- 12 5 (34.2529, 87.9195)
6 <- 100 12 13 (27.3563, 94.958)
13 <- 100 12 6 (29.1954, 88.9764)
12 <- 100 13 6 (29.1954, 88.9764)
100 <- 12 13 6 (30.3448, 85.6061)
6 <- 100 12 13 14 (26.4368, 94.7826)
14 <- 100 12 13 6 (25.977, 96.4602)
13 <- 100 12 14 6 (27.8161, 90.0826)
12 <- 100 13 14 6 (27.8161, 90.0826)
100 <- 12 13 14 6 (28.9655, 86.5079)
14 <- 100 12 13 (27.3563, 96.6387)
13 <- 100 12 14 (29.6552, 89.1473)
12 <- 100 13 14 (29.8851, 88.4615)
100 <- 12 13 14 (30.5747, 86.4662)
6 <- 100 12 13 5 (26.6667, 94.8276)
5 <- 100 12 13 6 (25.977, 97.3451)
13 <- 100 12 5 6 (28.2759, 89.4309)
12 <- 100 13 5 6 (28.5057, 88.7097)
100 <- 12 13 5 6 (28.7356, 88)
6 <- 100 12 13 5 14 (25.977, 94.6903)
14 <- 100 12 13 5 6 (25.2874, 97.2727)
5 <- 100 12 13 14 6 (25.0575, 98.1651)
13 <- 100 12 5 14 6 (27.1264, 90.678)
12 <- 100 13 5 14 6 (27.3563, 89.916)
100 <- 12 13 5 14 6 (28.046, 87.7049)
14 <- 100 12 13 5 (26.6667, 97.4138)
5 <- 100 12 13 14 (26.4368, 98.2609)
13 <- 100 12 5 14 (28.9655, 89.6825)
12 <- 100 13 5 14 (29.1954, 88.9764)
100 <- 12 13 5 14 (29.4253, 88.2812)
5 <- 100 12 13 (27.3563, 97.479)
13 <- 100 12 5 (30.1149, 88.5496)
12 <- 100 13 5 (30.3448, 87.8788)
100 <- 12 13 5 (30.1149, 88.5496)
13 <- 100 12 (31.0345, 88.1481)
12 <- 100 13 (31.2644, 87.5)
100 <- 12 13 (31.954, 85.6115)
6 <- 100 12 4 (30.8046, 94.0299)
4 <- 100 12 6 (29.1954, 99.2126)
12 <- 100 4 6 (33.7931, 85.7143)
100 <- 12 4 6 (30.5747, 94.7368)
6 <- 100 12 4 14 (29.6552, 93.7984)
14 <- 100 12 4 6 (28.9655, 96.0317)
4 <- 100 12 14 6 (27.8161, 100)
12 <- 100 4 14 6 (31.954, 87.0504)
100 <- 12 4 14 6 (29.4253, 94.5312)
14 <- 100 12 4 (30.8046, 96.2687)
4 <- 100 12 14 (29.6552, 100)
12 <- 100 4 14 (35.6322, 83.2258)
100 <- 12 4 14 (31.2644, 94.8529)
6 <- 100 12 4 5 (30.1149, 93.8931)
5 <- 100 12 4 6 (28.9655, 97.619)
4 <- 100 12 5 6 (28.2759, 100)
12 <- 100 4 5 6 (33.1034, 85.4167)
100 <- 12 4 5 6 (29.8851, 94.6154)
6 <- 100 12 4 5 14 (28.9655, 93.6508)
14 <- 100 12 4 5 6 (28.2759, 95.935)
5 <- 100 12 4 14 6 (27.8161, 97.5207)
4 <- 100 12 5 14 6 (27.1264, 100)
12 <- 100 4 5 14 6 (31.2644, 86.7647)
100 <- 12 4 5 14 6 (28.7356, 94.4)
14 <- 100 12 4 5 (30.1149, 96.1832)
5 <- 100 12 4 14 (29.6552, 97.6744)
4 <- 100 12 5 14 (28.9655, 100)
12 <- 100 4 5 14 (34.023, 85.1351)
100 <- 12 4 5 14 (30.5747, 94.7368)
5 <- 100 12 4 (30.8046, 97.7612)
4 <- 100 12 5 (30.1149, 100)
12 <- 100 4 5 (35.8621, 83.9744)
100 <- 12 4 5 (31.7241, 94.9275)
6 <- 100 12 4 13 (27.1264, 94.9153)
13 <- 100 12 4 6 (28.9655, 88.8889)
4 <- 100 12 13 6 (25.977, 99.115)
12 <- 100 4 13 6 (28.9655, 88.8889)
100 <- 12 4 13 6 (26.8966, 95.7265)
6 <- 100 12 4 13 14 (26.4368, 94.7826)
14 <- 100 12 4 13 6 (25.7471, 97.3214)
13 <- 100 12 4 14 6 (27.8161, 90.0826)
4 <- 100 12 13 14 6 (25.0575, 100)
12 <- 100 4 13 14 6 (27.8161, 90.0826)
100 <- 12 4 13 14 6 (26.2069, 95.614)
14 <- 100 12 4 13 (27.1264, 97.4576)
13 <- 100 12 4 14 (29.6552, 89.1473)
4 <- 100 12 13 14 (26.4368, 100)
12 <- 100 4 13 14 (29.8851, 88.4615)
100 <- 12 4 13 14 (27.5862, 95.8333)
6 <- 100 12 4 13 5 (26.6667, 94.8276)
5 <- 100 12 4 13 6 (25.7471, 98.2143)
13 <- 100 12 4 5 6 (28.2759, 89.4309)
4 <- 100 12 13 5 6 (25.2874, 100)
12 <- 100 4 13 5 6 (28.5057, 88.7097)
100 <- 12 4 13 5 6 (26.4368, 95.6522)
6 <- 100 12 4 13 5 14 (25.977, 94.6903)
14 <- 100 12 4 13 5 6 (25.2874, 97.2727)
5 <- 100 12 4 13 14 6 (25.0575, 98.1651)
13 <- 100 12 4 5 14 6 (27.1264, 90.678)
4 <- 100 12 13 5 14 6 (24.5977, 100)
12 <- 100 4 13 5 14 6 (27.3563, 89.916)
100 <- 12 4 13 5 14 6 (25.7471, 95.5357)
14 <- 100 12 4 13 5 (26.6667, 97.4138)
5 <- 100 12 4 13 14 (26.4368, 98.2609)
13 <- 100 12 4 5 14 (28.9655, 89.6825)
4 <- 100 12 13 5 14 (25.977, 100)
12 <- 100 4 13 5 14 (29.1954, 88.9764)
100 <- 12 4 13 5 14 (27.1264, 95.7627)
5 <- 100 12 4 13 (27.1264, 98.3051)
13 <- 100 12 4 5 (30.1149, 88.5496)
4 <- 100 12 13 5 (26.6667, 100)
12 <- 100 4 13 5 (30.3448, 87.8788)
100 <- 12 4 13 5 (27.8161, 95.8678)
13 <- 100 12 4 (30.8046, 88.0597)
4 <- 100 12 13 (27.3563, 99.1597)
12 <- 100 4 13 (31.0345, 87.4074)
100 <- 12 4 13 (28.2759, 95.935)
4 <- 100 12 (31.0345, 99.2593)
12 <- 100 4 (37.4713, 82.2086)
100 <- 12 4 (32.4138, 95.0355)
12 <- 100 (38.6207, 80.3571)
100 <- 12 (39.3103, 78.9474)
200 <- 11 (34.4828, 86)
200 <- 11 3 (25.0575, 97.2477)
3 <- 11 200 (29.6552, 82.1705)
200 <- 11 8 (22.2989, 96.9072)
3 <- 11 8 (22.2989, 90.7216)
8 <- 11 3 (25.0575, 80.7339)
