6 (62.5287)
16 6 (36.3218)
16 (61.8391)
200 6 (28.2759)
200 16 (39.7701)
200 (61.3793)
3 6 (26.2069)
3 16 (39.7701)
3 200 6 (22.2989)
3 200 16 (35.1724)
3 200 (53.1034)
3 (58.1609)
14 6 (49.1954)
14 16 6 (27.1264)
14 16 (34.023)
14 200 (20.6897)
14 (57.0115)
8 6 (21.6092)
8 16 (38.6207)
8 200 16 (33.7931)
8 200 (50.1149)
8 3 16 (34.2529)
8 3 200 16 (31.7241)
8 3 200 (46.6667)
8 3 (49.4253)
8 (55.6322)
7 6 (21.3793)
7 16 (39.5402)
7 200 16 (31.4943)
7 200 (45.977)
7 3 16 (32.1839)
7 3 200 16 (28.7356)
7 3 200 (42.2989)
7 3 (46.2069)
7 8 16 (33.7931)
7 8 200 16 (29.4253)
7 8 200 (43.4483)
7 8 3 16 (29.6552)
7 8 3 200 16 (27.3563)
7 8 3 200 (40.4598)
7 8 3 (42.9885)
7 8 (48.2759)
7 (54.9425)
10 16 (34.4828)
10 6 16 (20.6897)
10 6 (33.5632)
10 14 16 (20.6897)
10 14 6 (26.6667)
10 14 (31.4943)
10 3 16 (22.9885)
10 3 (29.6552)
10 8 16 (22.7586)
10 8 3 (25.2874)
10 8 (28.7356)
10 7 16 (22.9885)
10 7 3 (23.4483)
10 7 8 3 (21.6092)
10 7 8 (25.0575)
10 7 (28.5057)
10 200 16 (20.9195)
10 200 3 (25.7471)
10 200 8 3 (22.9885)
10 200 8 (24.8276)
10 200 7 3 (20.6897)
10 200 7 8 (21.3793)
10 200 7 (22.7586)
10 200 (28.5057)
10 (49.6552)
5 6 (45.2874)
5 16 6 (24.3678)
5 16 (27.1264)
5 14 6 (41.3793)
5 14 16 6 (22.5287)
5 14 16 (25.0575)
5 14 (44.5977)
5 10 6 (22.9885)
5 10 14 6 (21.6092)
5 10 14 (22.9885)
5 10 (24.5977)
5 (48.7356)
13 6 (42.7586)
13 16 6 (23.2184)
13 16 (27.5862)
13 14 6 (38.1609)
13 14 16 6 (20)
13 14 16 (22.069)
13 14 (40.6897)
13 10 6 (22.069)
13 10 14 6 (20.2299)
13 10 14 (21.6092)
13 10 (25.2874)
13 5 6 (36.7816)
13 5 16 (21.1494)
13 5 14 6 (35.1724)
13 5 14 16 (20)
13 5 14 (37.2414)
13 5 (39.0805)
13 (48.046)
9 8 (44.1379)
9 200 8 (41.1494)
9 200 (43.2184)
9 7 8 (39.7701)
9 7 200 8 (37.2414)
9 7 200 (38.3908)
9 7 (41.8391)
9 3 8 (39.3103)
9 3 200 8 (37.931)
9 3 200 (39.3103)
9 3 7 8 (35.6322)
9 3 7 200 8 (34.4828)
9 3 7 200 (35.4023)
9 3 7 (37.0115)
9 3 (41.3793)
9 16 8 (31.4943)
9 16 200 8 (28.7356)
9 16 200 (29.8851)
9 16 7 8 (28.5057)
9 16 7 200 8 (25.977)
9 16 7 200 (26.8966)
9 16 7 (30.3448)
9 16 3 8 (28.046)
9 16 3 200 8 (26.6667)
9 16 3 200 (27.5862)
9 16 3 7 8 (25.0575)
9 16 3 7 200 8 (23.908)
9 16 3 7 200 (24.5977)
9 16 3 7 (26.2069)
9 16 3 (29.6552)
9 16 (34.023)
9 10 8 (22.069)
9 10 200 (20.9195)
9 10 7 8 (20)
9 10 7 (21.6092)
9 10 3 (20.9195)
9 10 16 (20.4598)
9 10 (24.3678)
9 (47.5862)
2 6 (31.4943)
2 200 (27.5862)
2 13 6 (24.5977)
2 13 (26.6667)
2 16 (26.2069)
2 5 6 (24.3678)
2 5 13 6 (20.9195)
2 5 13 (21.8391)
2 5 (25.2874)
2 14 6 (23.2184)
2 14 13 6 (20.9195)
2 14 13 (21.6092)
2 14 5 6 (21.1494)
2 14 5 13 (20)
2 14 5 (21.8391)
2 14 (25.2874)
2 3 200 (23.4483)
2 3 (25.2874)
2 8 200 (20.9195)
2 8 3 (20.4598)
2 8 (22.069)
2 10 (20)
2 7 (20)
2 (44.8276)
1 200 (35.8621)
1 3 200 (32.6437)
1 3 (34.7126)
1 8 200 (31.0345)
1 8 3 200 (29.8851)
1 8 3 (31.4943)
1 8 (33.5632)
1 7 200 (28.7356)
1 7 3 200 (27.5862)
1 7 3 (29.4253)
1 7 8 200 (27.5862)
1 7 8 3 200 (26.6667)
1 7 8 3 (28.046)
1 7 8 (29.6552)
1 7 (32.1839)
1 9 200 (26.6667)
1 9 3 200 (25.5172)
1 9 3 (26.2069)
1 9 8 200 (25.7471)
1 9 8 3 200 (24.8276)
1 9 8 3 (25.2874)
1 9 8 (26.6667)
1 9 7 200 (24.3678)
1 9 7 3 200 (23.6782)
1 9 7 3 (24.1379)
1 9 7 8 200 (23.908)
1 9 7 8 3 200 (23.2184)
1 9 7 8 3 (23.4483)
1 9 7 8 (24.5977)
1 9 7 (25.2874)
1 9 (27.8161)
1 16 200 (22.5287)
1 16 3 200 (20.9195)
1 16 3 (22.7586)
1 16 8 3 (20.4598)
1 16 8 (21.8391)
1 16 7 (21.1494)
1 16 (27.5862)
1 2 (20.2299)
1 (42.9885)
4 5 (38.6207)
4 14 5 (36.7816)
4 14 (38.6207)
4 6 5 (35.8621)
4 6 14 5 (34.023)
4 6 14 (34.7126)
4 6 (36.7816)
4 13 5 (32.4138)
4 13 14 5 (31.2644)
4 13 14 (31.954)
4 13 6 5 (30.5747)
4 13 6 14 5 (29.4253)
4 13 6 14 (29.8851)
4 13 6 (31.2644)
4 13 (33.3333)
4 16 5 (20.9195)
4 16 14 5 (20.4598)
4 16 14 (22.069)
4 16 (22.5287)
4 10 5 (20.2299)
4 10 14 (20.6897)
4 10 (21.6092)
4 2 (20)
4 (40.6897)
15 200 (36.7816)
15 8 200 (33.3333)
15 8 (34.7126)
15 3 200 (33.1034)
15 3 8 200 (30.5747)
15 3 8 (31.7241)
15 3 (34.7126)
15 7 200 (31.0345)
15 7 8 200 (29.8851)
15 7 8 (31.0345)
15 7 3 200 (28.5057)
15 7 3 8 200 (27.5862)
15 7 3 8 (28.5057)
15 7 3 (29.6552)
15 7 (33.3333)
15 9 200 (29.1954)
15 9 8 200 (28.2759)
15 9 8 (28.9655)
15 9 3 200 (26.4368)
15 9 3 8 200 (25.7471)
15 9 3 8 (26.4368)
15 9 3 (27.1264)
15 9 7 200 (26.6667)
15 9 7 8 200 (25.977)
15 9 7 8 (26.4368)
15 9 7 3 200 (24.3678)
15 9 7 3 8 200 (23.908)
15 9 7 3 8 (24.3678)
15 9 7 3 (24.8276)
15 9 7 (27.1264)
15 9 (29.8851)
15 16 200 (24.8276)
15 16 8 200 (22.7586)
15 16 8 (24.1379)
15 16 3 200 (22.2989)
15 16 3 8 200 (20.9195)
15 16 3 8 (22.069)
15 16 3 (23.6782)
15 16 7 200 (21.1494)
15 16 7 8 200 (20.2299)
15 16 7 8 (21.3793)
15 16 7 3 (20)
15 16 7 (23.2184)
15 16 9 200 (20.4598)
15 16 9 8 (20.4598)
15 16 9 (21.1494)
15 16 (27.3563)
15 1 200 (21.6092)
15 1 8 200 (20.2299)
15 1 8 (20.9195)
15 1 3 200 (20.4598)
15 1 3 8 (20)
15 1 3 (21.1494)
15 1 (22.5287)
15 (40)
12 6 (36.5517)
12 14 6 (34.023)
12 14 (36.3218)
12 5 6 (32.4138)
12 5 14 6 (31.2644)
12 5 14 (33.1034)
12 5 (34.2529)
12 4 6 (30.5747)
12 4 14 6 (29.4253)
12 4 14 (31.2644)
12 4 5 6 (29.8851)
12 4 5 14 6 (28.7356)
12 4 5 14 (30.5747)
12 4 5 (31.7241)
12 4 (32.4138)
12 13 6 (30.3448)
12 13 14 6 (28.9655)
12 13 14 (30.5747)
12 13 5 6 (28.7356)
12 13 5 14 6 (28.046)
12 13 5 14 (29.4253)
12 13 5 (30.1149)
12 13 4 6 (26.8966)
12 13 4 14 6 (26.2069)
12 13 4 14 (27.5862)
12 13 4 5 6 (26.4368)
12 13 4 5 14 6 (25.7471)
12 13 4 5 14 (27.1264)
12 13 4 5 (27.8161)
12 13 4 (28.2759)
12 13 (31.954)
12 16 6 (20)
12 16 14 (20.2299)
12 16 (22.069)
12 10 (20.9195)
12 (39.3103)
100 4 (37.4713)
100 14 4 (35.6322)
100 14 (36.3218)
100 5 4 (35.8621)
100 5 14 4 (34.023)
100 5 14 (34.2529)
100 5 (36.092)
100 6 4 (33.7931)
100 6 14 4 (31.954)
100 6 14 (32.1839)
100 6 5 4 (33.1034)
100 6 5 14 4 (31.2644)
100 6 5 14 (31.4943)
100 6 5 (33.3333)
100 6 (34.2529)
100 13 4 (31.0345)
100 13 14 4 (29.8851)
100 13 14 (29.8851)
100 13 5 14 4 (29.1954)
100 13 5 14 (29.1954)
100 13 5 4 (30.3448)
100 13 5 (30.3448)
100 13 6 4 (28.9655)
100 13 6 14 4 (27.8161)
100 13 6 14 (27.8161)
100 13 6 5 14 4 (27.3563)
100 13 6 5 14 (27.3563)
100 13 6 5 4 (28.5057)
100 13 6 5 (28.5057)
100 13 6 (29.1954)
100 13 (31.2644)
100 12 4 (30.8046)
100 12 14 4 (29.6552)
100 12 14 (29.6552)
100 12 5 14 4 (28.9655)
100 12 5 14 (28.9655)
100 12 5 4 (30.1149)
100 12 5 (30.1149)
100 12 6 4 (28.9655)
100 12 6 14 4 (27.8161)
100 12 6 14 (27.8161)
100 12 6 5 14 4 (27.1264)
100 12 6 5 14 (27.1264)
100 12 6 5 4 (28.2759)
100 12 6 5 (28.2759)
100 12 6 (29.1954)
100 12 13 4 (27.1264)
100 12 13 14 4 (26.4368)
100 12 13 14 (26.4368)
100 12 13 5 14 4 (25.977)
100 12 13 5 14 (25.977)
100 12 13 5 4 (26.6667)
100 12 13 5 (26.6667)
100 12 13 6 4 (25.7471)
100 12 13 6 14 4 (25.0575)
100 12 13 6 14 (25.0575)
100 12 13 6 5 14 4 (24.5977)
100 12 13 6 5 14 (24.5977)
100 12 13 6 5 4 (25.2874)
100 12 13 6 5 (25.2874)
100 12 13 6 (25.977)
100 12 13 (27.3563)
100 12 (31.0345)
100 16 4 (21.6092)
100 16 14 4 (21.1494)
100 16 14 (21.6092)
100 16 5 4 (20.2299)
100 16 5 14 (20)
100 16 5 (20.4598)
100 16 (22.069)
100 10 4 (20.9195)
100 10 14 4 (20)
100 10 14 (20.2299)
100 10 (21.1494)
100 (38.6207)
11 200 (29.6552)
11 3 200 (24.3678)
11 3 (25.0575)
11 8 200 (21.6092)
11 8 3 (20.2299)
11 8 (22.2989)
11 16 (22.069)
11 6 (21.8391)
11 2 (20.4598)
11 7 (20)
11 (34.4828)
